# DJI Terra Aerial Triangulation Quality Report

---
## Image Information Overview

| Item                    | Value           |
| :---: | :---: |
| # Input Images          |              386|
| # Image With Position   |              386|
| # Calibrated Images     |              226|
| Use Image Position | True|
| Georeferencing RMSE |  10.677 m|
| # Connected Components     |            2|
| # Max Component Images     |          160|
| Use Cluster    | No|
| Generate XML   | No|
| Use Stereo Mode    | No|
| # feature quantity | Low|
| SFM Time          |        6.386 min|


## RTK Status

| Status  | Number of Images |
| :---: | :---: |
| FIX     |              218|
| FLOAT   |                0|
| SINGLE  |              140|
| NONE    |               28|



## Camera Calibration Information

Camera Model M3E_WideCamera 

Camera SN 1581F5FHC247300DUCRS 

| Item     | Focal   | Cx      | Cy      |   K1  |   K2  |   K3  |   K4  |   P1  |   P2  |
| :---:    | :---:   | :---:   | :---:   | :---: | :---: | :---: | :---: | :---: | :---: |
| Initial  | 3713.29| 2647.02| 1969.28| -0.11257524| 0.01487443| -0.02706411| 0.00000000| -0.00008572| 0.00000010|

| Block     | Item     | Focal   | Cx      | Cy      | K1    |   K2  |   K3  |   K4  |   P1  |  P2   |
| :---:     | :---:    | :---:   | :---:   | :---:   | :---: | :---: | :---: | :---: | :---: | :---: |
|     0 | Optimized| 3712.22| 2646.06| 1967.46| -0.10609701| -0.00318304| -0.01426258| 0.00000000| -0.00034795| -0.00040798|


Coefficients and correlation matrix 

|      | Error | F     | Cx    | Cy    | K1    | K2    | K3    | P1    | P2    |
|:---: | :---: | :---: | :---: | :---: | :---: | :---: | :---: | :---: | :---: |
| F  | 0.17822800| 1.00000000| -0.00639184| 0.11169756| -0.12364733| 0.04220830| -0.06895522| -0.10624338| 0.00380642|
| Cx  | 0.19527978| -0.00639184| 1.00000000| -0.00137019| 0.02133088| -0.03611889| 0.04760824| 0.07841556| -0.31547174|
| Cy  | 0.27036005| 0.11169756| -0.00137019| 1.00000000| -0.02938501| 0.00437570| -0.01516394| -0.45079132| 0.04417790|
| K1  | 0.00007582| -0.12364733| 0.02133088| -0.02938501| 1.00000000| -0.94734124| 0.87744585| -0.07258400| 0.00260695|
| K2  | 0.00019819| 0.04220830| -0.03611889| 0.00437570| -0.94734124| 1.00000000| -0.97737987| 0.07204637| -0.01272473|
| K3  | 0.00015493| -0.06895522| 0.04760824| -0.01516394| 0.87744585| -0.97737987| 1.00000000| -0.05798433| 0.02330150|
| P1  | 0.00000882| -0.10624338| 0.07841556| -0.45079132| -0.07258400| 0.07204637| -0.05798433| 1.00000000| -0.01306707|
| P2  | 0.00000768| 0.00380642| -0.31547174| 0.04417790| 0.00260695| -0.01272473| 0.02330150| -0.01306707| 1.00000000|


## Hardware Information

- CPU: Intel Core(TM) i9-14900HX 32 cores
- GPU Number: 1
- GPU0: NVIDIA GeForce RTX 4070 Laptop GPU
- RAM: 65146 M
